name: blast-env
channels:
  - conda-forge
  - bioconda
  - defaults
dependencies:
  - _libgcc_mutex=0.1=conda_forge
  - _openmp_mutex=4.5=2_gnu
  - blast=2.16.0=h66d330f_5
  - bzip2=1.0.8=h4bc722e_7
  - c-ares=1.34.5=hb9d3cd8_0
  - ca-certificates=2026.1.4=hbd8a1cb_0
  - curl=8.14.1=h332b0f4_0
  - entrez-direct=22.4=he881be0_0
  - icu=75.1=he02047a_0
  - keyutils=1.6.1=h166bdaf_0
  - krb5=1.21.3=h659f571_0
  - ld_impl_linux-64=2.44=h1423503_1
  - libasprintf=0.25.1=h8e693c7_0
  - libblas=3.9.0=32_h59b9bed_openblas
  - libcblas=3.9.0=32_he106b2a_openblas
  - libcurl=8.14.1=h332b0f4_0
  - libedit=3.1.20250104=pl5321h7949ede_0
  - libev=4.33=hd590300_2
  - libexpat=2.7.1=hecca717_0
  - libffi=3.4.6=h2dba641_1
  - libgcc=15.1.0=h767d61c_3
  - libgcc-ng=15.1.0=h69a702a_3
  - libgettextpo=0.25.1=h5888daf_0
  - libgfortran=15.1.0=h69a702a_3
  - libgfortran5=15.1.0=hcea5267_3
  - libgomp=15.1.0=h767d61c_3
  - libidn2=2.3.8=ha4ef2c3_0
  - liblapack=3.9.0=32_h7ac8fdf_openblas
  - liblzma=5.8.1=hb9d3cd8_2
  - libmpdec=4.0.0=hb9d3cd8_0
  - libnghttp2=1.64.0=h161d5f1_0
  - libopenblas=0.3.30=pthreads_h94d23a6_0
  - libsqlite=3.50.3=hee844dc_0
  - libssh2=1.11.1=hcf80075_0
  - libstdcxx=15.1.0=h8f9b012_3
  - libstdcxx-ng=15.1.0=h4852527_3
  - libunistring=0.9.10=h7f98852_0
  - libuuid=2.38.1=h0b41bf4_0
  - libxcrypt=4.4.36=hd590300_1
  - libzlib=1.3.1=hb9d3cd8_2
  - ncbi-vdb=3.2.1=h9948957_0
  - ncurses=6.5=h2d0b736_3
  - numpy=2.3.1=py313hf6604e3_1
  - openssl=3.6.1=h35e630c_1
  - pandas=2.3.1=py313h08cd8bf_0
  - perl=5.32.1=7_hd590300_perl5
  - perl-archive-tar=3.04=pl5321hdfd78af_0
  - perl-carp=1.38=pl5321hdfd78af_4
  - perl-common-sense=3.75=pl5321hdfd78af_0
  - perl-compress-raw-bzip2=2.201=pl5321h87f3376_1
  - perl-compress-raw-zlib=2.105=pl5321h87f3376_0
  - perl-encode=3.19=pl5321hec16e2b_1
  - perl-exporter=5.72=pl5321hdfd78af_2
  - perl-exporter-tiny=1.002002=pl5321hdfd78af_0
  - perl-extutils-makemaker=7.70=pl5321hd8ed1ab_0
  - perl-io-compress=2.201=pl5321h503566f_5
  - perl-io-zlib=1.15=pl5321hdfd78af_1
  - perl-json=4.10=pl5321hdfd78af_1
  - perl-json-xs=4.03=pl5321h9948957_4
  - perl-list-moreutils=0.430=pl5321hdfd78af_0
  - perl-list-moreutils-xs=0.430=pl5321h7b50bb2_5
  - perl-parent=0.236=pl5321hdfd78af_2
  - perl-pathtools=3.75=pl5321hec16e2b_3
  - perl-scalar-list-utils=1.62=pl5321hec16e2b_1
  - perl-types-serialiser=1.01=pl5321hdfd78af_0
  - pip=25.1.1=pyh145f28c_0
  - python=3.13.5=hec9711d_102_cp313
  - python-dateutil=2.9.0.post0=pyhe01879c_2
  - python-tzdata=2025.2=pyhd8ed1ab_0
  - python_abi=3.13=8_cp313
  - pytz=2025.2=pyhd8ed1ab_0
  - readline=8.2=h8c095d6_2
  - rpsbproc=0.5.0=hd6d6fdc_3
  - seqkit=2.12.0=he881be0_1
  - six=1.17.0=pyhd8ed1ab_0
  - tk=8.6.13=noxft_hd72426e_102
  - tzdata=2025b=h78e105d_0
  - wget=1.21.4=hda4d442_0
  - zlib=1.3.1=hb9d3cd8_2
  - zstd=1.5.7=hb8e6e7a_2
prefix: /home/hasan/miniconda3/envs/blast-env
